0
0.122172 
0.109613 
0.178948 
0.23914 
0.715686 
0.581041 
0.234405 
0.143968 
0.979538 
0.674924 
1.77908 
0.68789 
0.297654 
0.489235 
1.50354 
1.11887 
0.980989 
0.91163 
1.33846 
1.46833 
1.95272 
0.284957 
0.301955 
0.217714 
0.197447 
0.371094 
0.184162 
0.286075 
0.301587 
0.147209 
0.366655 
0.110516 
0.873435 
0.8442 
0.559579 
0.655354 
0.485194 
0.132066 
0.10802 
0.0737445 
0.0791268 
1.2359 
0.615988 
0.180132 
0.381909 
0.632369 
0.639122 
0.962652 
0.379701 
0.146054 
0.192117 
0.164053 
0.404508 
0.221082 
0.134865 
0.0955787 
0.111633 
0.0883449 
0.115055 
0.682691 
0.29469 
0.20155 
0.299177 
0.0990971 
0.13923 
0.21242 
0.241306 
0.0996049 
0.0563592 
0.215857 
0.131196 
0.195697 
0.169132 
0.128274 
0.0726109 
0.26889 
1.69487 
1.03327 
0.275494 
