0
0.428275 
0.661786 
0.224561 
0.185209 
0.725008 
0.274825 
0.278079 
0.275824 
0.154693 
0.210857 
0.16617 
0.211584 
0.075792 
0.10018 
0.159895 
0.49817 
0.23381 
0.296153 
0.186219 
0.356399 
1.2951 
0.246895 
0.21601 
0.0497482 
0.110552 
0.129858 
0.138939 
0.126476 
0.111715 
0.105457 
0.142135 
0.171745 
0.0938048 
0.0580864 
0.0555637 
0.178649 
0.113488 
0.220045 
0.395048 
0.328199 
0.0985635 
0.137252 
0.113399 
0.248759 
0.227816 
0.0915865 
0.398201 
1.44737 
3.20571 
2.132 
1.15162 
0.653675 
0.221364 
0.390759 
0.545573 
0.228664 
0.117996 
0.338648 
0.232563 
0.175929 
0.0599849 
0.0811775 
0.390624 
0.0840156 
0.292561 
0.280675 
0.467004 
0.802744 
0.751815 
0.134452 
0.217957 
0.254022 
0.498443 
0.156008 
0.922612 
0.667303 
0.866844 
0.157957 
0.152593 
0.133104 
2.45762 
1.18701 
0.88757 
0.209507 
0.232985 
0.333369 
0.152417 
0.358355 
0.186793 
0.173238 
0.493474 
0.10858 
0.137212 
0.0590834 
0.122914 
0.145547 
0.0915209 
0.127136 
0.137985 
0.116597 
0.103946 
0.064302 
0.106248 
0.110261 
0.169053 
0.376573 
0.338605 
0.30777 
0.138144 
0.140785 
0.122127 
0.177199 
0.0703362 
0.113472 
0.139772 
0.145032 
0.116488 
0.117363 
0.168571 
0.138218 
0.0704763 
0.197199 
0.150688 
0.146193 
0.0765526 
0.115791 
0.0707692 
0.172906 
0.638332 
0.217741 
0.0715906 
0.21948 
0.295453 
0.255194 
0.0394058 
0.107595 
0.186129 
0.422799 
0.423877 
2.26369 
0.868942 
2.27363 
0.393736 
0.864522 
0.266377 
0.325731 
0.66532 
0.672103 
0.209885 
